uuid: 0822d398-8167-326d-9ab2-c3df1eff2067
timestamps:
  login: 1484741730348
  logout: 1484742791463
ipAddress: 31.128.108.109
logoutlocation:
  world: world
  x: 919.0283726885104
  y: 64.0
  z: 655.8927030758348
  yaw: 15.150421
  pitch: 11.550116
lastlocation:
  world: world
  x: -223.5
  y: 70.0
  z: 256.5
  yaw: 0.0
  pitch: 0.0
afk: false
