uuid: 0822d398-8167-326d-9ab2-c3df1eff2067
timestamps:
  login: 1484734243005
  logout: 1484730552182
ipAddress: 31.128.108.109
logoutlocation:
  world: world
  x: -379.50984562770043
  y: 4.0
  z: -371.69999998807907
  yaw: -223.65074
  pitch: -66.89997
lastlocation:
  world: world
  x: 248.5
  y: 64.0
  z: 4.5
  yaw: 0.0
  pitch: 0.0
