uuid: 0822d398-8167-326d-9ab2-c3df1eff2067
timestamps:
  login: 1484762354561
  logout: 1484762385017
ipAddress: 176.110.57.92
logoutlocation:
  world: world
  x: -395.5
  y: 64.0
  z: 183.5
  yaw: 31.199951
  pitch: 10.349971
lastlocation:
  world: world
  x: -395.5
  y: 64.0
  z: 183.5
  yaw: 0.0
  pitch: 0.0
afk: false
