uuid: cc32d1fe-0d90-355f-998a-f5fb88c115b8
timestamps:
  login: 1485521373062
  logout: 1485110236190
ipAddress: 46.227.28.228
lastlocation:
  world: world
  x: 0.5
  y: 76.0
  z: 0.5
  yaw: 0.0
  pitch: 0.0
logoutlocation:
  world: world
  x: 1213.3203092743058
  y: 80.99745087842948
  z: 4236.193635051289
  yaw: 311.1005
  pitch: 20.250156
afk: false
