spawns: 
  default: 
    world: DarkAge
    x: 161.53487798036693
    y: 64.0
    z: 91.04062837040112
    yaw: 72.74451
    pitch: 8.550008
