spawns: 
  default: 
    world: world
    x: -395.9983280260077
    y: 64.0
    z: 183.8818170325706
    yaw: 295.64993
    pitch: 10.949971
