spawns: 
  default: 
    world: world
    x: 1222.9515906690874
    y: 84.0
    z: 4229.159730864114
    yaw: 291.75012
    pitch: 13.050167
